0000: 33 03 00 00 00 00 00 00 00 00 00 00 00 00 00 00 
0010: 00 00 00 00 
0000: 33 06 00 00 00 00 00 00 00 00 00 00 00 00 00 00 
0010: 00 00 00 00 
0000: 33 00 20 02 45 C0 05 C6 08 B2 00 00 FE 11 93 0C 
0010: 82 33 14 32 
0000: 33 02 00 00 00 00 00 00 00 00 00 00 00 00 00 00 
0010: 00 00 00 00 
0000: 2E 03 00 00 00 00 00 00 00 00 00 00 00 00 00 00 
0010: 00 00 00 00 
0000: 2E 05 00 00 00 00 00 00 00 00 00 00 00 00 00 00 
0010: 00 00 00 00 
0000: 2E 01 00 00 00 00 00 00 00 00 00 00 00 00 00 00 
0010: 00 00 00 00 
0000: 2E 04 00 00 00 00 00 00 00 00 00 00 00 00 00 00 
0010: 00 00 00 00 
0000: 33 00 20 02 45 C0 05 C6 38 E5 00 00 FE 11 62 D9 
0010: 82 33 14 32 
0000: 33 01 00 00 00 00 00 00 00 00 00 00 00 00 00 00 
0010: 00 00 00 00 
0000: 31 04 00 00 00 00 00 00 00 00 00 00 00 00 00 00 
0010: 00 00 00 00 
0000: 31 03 00 00 00 00 00 00 00 00 00 00 00 00 00 00 
0010: 00 00 00 00 
0000: 31 05 00 00 00 00 00 00 00 00 00 00 00 00 00 00 
0010: 00 00 00 00 
0000: 31 02 00 00 00 00 00 00 00 00 00 00 00 00 00 00 
0010: 00 00 00 00 
0000: 2F 04 00 00 00 00 00 00 00 00 00 00 00 00 00 00 
0010: 00 00 00 00 
0000: 2F 00 20 02 45 C0 05 C6 69 
0000: 2F 02 00 00 00 00 00 00 00 00 00 00 00 00 00 00 
0010: 00 00 00 00 
0000: 32 07 00 00 00 00 00 00 00 00 00 00 00 00 00 00 
0010: 00 00 00 00 
0000: 32 03 00 00 00 00 00 00 00 00 00 00 00 00 00 00 
0010: 00 00 00 00 
0000: 32 02 00 00 00 00 00 00 00 00 00 00 00 00 00 00 
0010: 00 00 00 00 
0000: 32 06 00 00 00 00 00 00 00 00 00 00 00 00 00 00 
0010: 00 00 00 00 
